0.07634209096431732
0.07929547131061554
0.05858877673745155
0.07932493090629578
0.07932493090629578
0.07524938881397247
0.0795208066701889
0.07761163264513016
0.07932493090629578
0.07857054471969604
0.07932493090629578
0.07781144231557846
0.07550079375505447
0.07755273580551147
0.07948997616767883
0.07932493090629578
0.07932493090629578
0.07933544367551804
0.07960784435272217
0.0783972516655922
0.08135464042425156
0.08188454061746597
0.08168616145849228
0.07932493090629578
0.07932493090629578
0.07932493090629578
0.07932493090629578
0.07933234423398972
0.07932493090629578
0.07932493090629578
0.07932493090629578
0.07932493090629578
0.07932493090629578
0.07932493090629578
0.07932493090629578
0.07932493090629578
0.07932493090629578
0.09766802936792374
0.08869480341672897
0.08336540311574936
0.0797334685921669
0.07932493090629578
0.08141567558050156
0.07932493090629578
0.07932493090629578
0.07932493090629578
0.07932493090629578
0.07932493090629578
0.07932493090629578
0.07932493090629578
0.07932493090629578
0.07932493090629578
0.07932493090629578
0.07932493090629578
0.07932493090629578
0.07932493090629578
0.07932493090629578
